<?xml version="1.0" encoding="utf-8"?>
<COLLADA xmlns="http://www.collada.org/2005/11/COLLADASchema" version="1.4.1">
  <asset>
    <contributor>
      <author>Mixamo</author>
      <authoring_tool>COLLADA Mixamo exporter</authoring_tool>
      <comments/>
    </contributor>
    <created>2025-09-17T23:58:46Z</created>
    <modified>2025-09-17T23:58:46Z</modified>
    <revision/>
    <title/>
    <unit meter="0.010000"/>
    <up_axis>Y_UP</up_axis>
  </asset>
  <library_animations>
    <animation id="mixamorig1_Hips-anim" name="mixamorig1_Hips">
      <source id="mixamorig1_Hips-Matrix-animation-input">
        <float_array id="mixamorig1_Hips-Matrix-animation-input-array" count="30">

0.000000 0.033333 0.066667 0.100000 0.133333 0.166667 0.200000 0.233333 0.266667 0.300000 0.333333 0.366667 0.400000 0.433333 0.466667 0.500000
0.533333 0.566667 0.600000 0.633333 0.666667 0.700000 0.733333 0.766667 0.800000 0.833333 0.866667 0.900000 0.933333 0.966667</float_array>
        <technique_common>
          <accessor source="#mixamorig1_Hips-Matrix-animation-input-array" count="30">
            <param name="TIME" type="float"/>
          </accessor>
        </technique_common>
      </source>
      <source id="mixamorig1_Hips-Matrix-animation-output-transform">
        <float_array id="mixamorig1_Hips-Matrix-animation-output-transform-array" count="480">

0.982507 0.067544 0.173545 0.203228 -0.069437 0.997575 0.004850 98.525261 -0.172796 -0.016815 0.984814 0.678374 0.000000 0.000000 0.000000 1.000000
0.987833 0.050971 0.146930 0.457034 -0.050216 0.998699 -0.008846 98.800827 -0.147190 0.001360 0.989107 5.717606 0.000000 0.000000 0.000000 1.000000
0.993806 0.033096 0.106086 0.778321 -0.030690 0.999235 -0.024232 98.522331 -0.106807 0.020826 0.994062 10.789186 0.000000 0.000000 0.000000 1.000000
0.998244 0.011464 0.058114 1.144962 -0.009282 0.999247 -0.037681 97.927269 -0.058502 0.037076 0.997599 16.005367 0.000000 0.000000 0.000000 1.000000
0.999922 -0.004450 0.011655 1.485525 0.004964 0.999002 -0.044395 97.185562 -0.011446 0.044449 0.998946 21.477064 0.000000 0.000000 0.000000 1.000000
0.999617 -0.006087 -0.026980 1.775658 0.004922 0.999062 -0.043024 96.345673 0.027217 0.042875 0.998710 27.246872 0.000000 0.000000 0.000000 1.000000
0.998287 -0.004261 -0.058359 2.184100 0.001838 0.999137 -0.041502 95.215813 0.058486 0.041324 0.997433 33.305298 0.000000 0.000000 0.000000 1.000000
0.997043 -0.010646 -0.076108 2.554744 0.007473 0.999096 -0.041848 94.286621 0.076485 0.041155 0.996221 39.210247 0.000000 0.000000 0.000000 1.000000
0.996670 -0.029011 -0.076210 2.988386 0.026347 0.999014 -0.035737 94.420204 0.077172 0.033610 0.996451 45.149090 0.000000 0.000000 0.000000 1.000000
0.996411 -0.042095 -0.073439 3.467461 0.040588 0.998936 -0.021892 94.707779 0.074282 0.018832 0.997059 51.430843 0.000000 0.000000 0.000000 1.000000
0.995714 -0.061309 -0.069242 4.089231 0.060588 0.998085 -0.012477 95.111504 0.069875 0.008228 0.997522 57.520821 0.000000 0.000000 0.000000 1.000000
0.994997 -0.082482 -0.056377 4.752433 0.082371 0.996592 -0.004304 95.786133 0.056540 -0.000361 0.998400 63.131554 0.000000 0.000000 0.000000 1.000000
0.993619 -0.101732 -0.048708 5.199642 0.101910 0.994793 0.001176 96.505569 0.048335 -0.006133 0.998812 68.261566 0.000000 0.000000 0.000000 1.000000
0.992748 -0.108702 -0.051335 5.396469 0.108954 0.994045 0.002123 97.361328 0.050798 -0.007701 0.998679 73.182037 0.000000 0.000000 0.000000 1.000000
0.992961 -0.103629 -0.057358 5.347212 0.103916 0.994584 0.002044 98.166031 0.056836 -0.007990 0.998352 78.008392 0.000000 0.000000 0.000000 1.000000
0.994410 -0.094824 -0.046449 5.173750 0.094673 0.995493 -0.005460 98.537041 0.046758 0.001032 0.998906 82.808212 0.000000 0.000000 0.000000 1.000000
0.996729 -0.078294 -0.020024 4.892099 0.078016 0.996849 -0.014324 98.659477 0.021082 0.012715 0.999697 87.740372 0.000000 0.000000 0.000000 1.000000
0.998478 -0.053405 0.013764 4.435668 0.053667 0.998369 -0.019483 98.569603 -0.012701 0.020192 0.999715 92.768265 0.000000 0.000000 0.000000 1.000000
0.998321 -0.035253 0.045968 4.009544 0.036161 0.999164 -0.019059 98.099815 -0.045257 0.020689 0.998761 98.029785 0.000000 0.000000 0.000000 1.000000
0.996354 -0.031210 0.079406 3.577998 0.032280 0.999404 -0.012232 97.147766 -0.078977 0.014750 0.996767 103.756371 0.000000 0.000000 0.000000 1.000000
0.993036 -0.029903 0.113952 3.194959 0.031185 0.999469 -0.009479 95.618561 -0.113608 0.012967 0.993441 109.418335 0.000000 0.000000 0.000000 1.000000
0.989951 -0.024170 0.139333 2.807791 0.024864 0.999686 -0.003245 94.695366 -0.139210 0.006677 0.990240 115.122009 0.000000 0.000000 0.000000 1.000000
0.989038 -0.011429 0.147220 2.402870 0.011083 0.999934 0.003173 94.506538 -0.147247 -0.001507 0.989099 120.857819 0.000000 0.000000 0.000000 1.000000
0.988706 0.000718 0.149868 1.901549 -0.001987 0.999963 0.008322 94.737839 -0.149857 -0.008526 0.988671 126.685501 0.000000 0.000000 0.000000 1.000000
0.988491 0.016746 0.150351 1.317147 -0.018799 0.999748 0.012246 94.928535 -0.150108 -0.014932 0.988557 132.555969 0.000000 0.000000 0.000000 1.000000
0.988808 0.036674 0.144613 0.735715 -0.038628 0.999196 0.010723 95.279892 -0.144103 -0.016189 0.989430 138.048996 0.000000 0.000000 0.000000 1.000000
0.988210 0.058087 0.141659 0.318675 -0.059493 0.998212 0.005706 95.823799 -0.141075 -0.014067 0.989899 142.932083 0.000000 0.000000 0.000000 1.000000
0.985971 0.074477 0.149382 0.111004 -0.075500 0.997145 0.001181 96.910423 -0.148868 -0.012442 0.988779 147.533539 0.000000 0.000000 0.000000 1.000000
0.982545 0.077374 0.169169 0.077913 -0.078740 0.996894 0.001373 97.907585 -0.168537 -0.014669 0.985586 151.944351 0.000000 0.000000 0.000000 1.000000
0.982507 0.067544 0.173545 0.203230 -0.069437 0.997575 0.004850 98.525276 -0.172796 -0.016815 0.984814 156.345627 0.000000 0.000000 0.000000 1.000000</float_array>
        <technique_common>
          <accessor source="#mixamorig1_Hips-Matrix-animation-output-transform-array" count="30" stride="16">
            <param type="float4x4"/>
          </accessor>
        </technique_common>
      </source>
      <source id="mixamorig1_Hips-Interpolations">
        <Name_array id="mixamorig1_Hips-Interpolations-array" count="30">
 LINEAR LINEAR LINEAR LINEAR LINEAR LINEAR LINEAR LINEAR LINEAR LINEAR LINEAR
LINEAR LINEAR LINEAR LINEAR LINEAR LINEAR LINEAR LINEAR LINEAR LINEAR LINEAR LINEAR
LINEAR LINEAR LINEAR LINEAR LINEAR LINEAR LINEAR</Name_array>
        <technique_common>
          <accessor source="#mixamorig1_Hips-Interpolations-array" count="30">
            <param type="name"/>
          </accessor>
        </technique_common>
      </source>
      <sampler id="mixamorig1_Hips-Matrix-animation-transform">
        <input semantic="INPUT" source="#mixamorig1_Hips-Matrix-animation-input"/>
        <input semantic="OUTPUT" source="#mixamorig1_Hips-Matrix-animation-output-transform"/>
        <input semantic="INTERPOLATION" source="#mixamorig1_Hips-Interpolations"/>
      </sampler>
      <channel source="#mixamorig1_Hips-Matrix-animation-transform" target="mixamorig1_Hips/matrix"/>
    </animation>
    <animation id="mixamorig1_Spine-anim" name="mixamorig1_Spine">
      <source id="mixamorig1_Spine-Matrix-animation-input">
        <float_array id="mixamorig1_Spine-Matrix-animation-input-array" count="30">

0.000000 0.033333 0.066667 0.100000 0.133333 0.166667 0.200000 0.233333 0.266667 0.300000 0.333333 0.366667 0.400000 0.433333 0.466667 0.500000
0.533333 0.566667 0.600000 0.633333 0.666667 0.700000 0.733333 0.766667 0.800000 0.833333 0.866667 0.900000 0.933333 0.966667</float_array>
        <technique_common>
          <accessor source="#mixamorig1_Spine-Matrix-animation-input-array" count="30">
            <param name="TIME" type="float"/>
          </accessor>
        </technique_common>
      </source>
      <source id="mixamorig1_Spine-Matrix-animation-output-transform">
        <float_array id="mixamorig1_Spine-Matrix-animation-output-transform-array" count="480">

0.998791 -0.045800 -0.017865 -0.000000 0.047019 0.996064 0.075144 9.717300 0.014354 -0.075893 0.997013 -1.180200 0.000000 0.000000 0.000000 1.000000
0.999265 -0.037242 -0.009028 -0.000000 0.037858 0.995915 0.081982 9.717300 0.005938 -0.082264 0.996593 -1.180200 0.000000 0.000000 0.000000 1.000000
0.999600 -0.028255 0.000821 -0.000000 0.028066 0.995520 0.090290 9.717300 -0.003368 -0.090231 0.995915 -1.180200 0.000000 0.000000 0.000000 1.000000
0.999722 -0.021983 0.008543 -0.000000 0.021055 0.995096 0.096650 9.717300 -0.010626 -0.096443 0.995282 -1.180200 0.000000 0.000000 0.000000 1.000000
0.999617 -0.022989 0.015426 -0.000000 0.021307 0.994603 0.101540 9.717300 -0.017677 -0.101172 0.994712 -1.180200 0.000000 0.000000 0.000000 1.000000
0.999022 -0.037480 0.023456 0.000000 0.034767 0.993655 0.106963 9.717300 -0.027317 -0.106043 0.993986 -1.180200 0.000000 0.000000 0.000000 1.000000
0.997981 -0.054502 0.032608 0.000000 0.050235 0.991527 0.119793 9.717300 -0.038861 -0.117913 0.992263 -1.180200 0.000000 0.000000 0.000000 1.000000
0.998165 -0.050214 0.033847 0.000000 0.045820 0.991713 0.120020 9.717300 -0.039593 -0.118249 0.992194 -1.180200 0.000000 0.000000 0.000000 1.000000
0.999259 -0.026161 0.028228 0.000000 0.022825 0.993376 0.112620 9.717300 -0.030987 -0.111892 0.993237 -1.180200 0.000000 0.000000 0.000000 1.000000
0.999643 -0.010402 0.024617 0.000000 0.007764 0.994448 0.104938 9.717300 -0.025572 -0.104709 0.994174 -1.180200 0.000000 0.000000 0.000000 1.000000
0.999789 0.000581 0.020555 0.000000 -0.002481 0.995707 0.092523 9.717300 -0.020413 -0.092554 0.995498 -1.180200 0.000000 0.000000 0.000000 1.000000
0.999857 0.010150 0.013524 0.000000 -0.011181 0.996855 0.078452 9.717300 -0.012685 -0.078592 0.996826 -1.180200 0.000000 0.000000 0.000000 1.000000
0.999803 0.017278 0.009756 -0.000000 -0.017886 0.997651 0.066131 9.717300 -0.008590 -0.066293 0.997763 -1.180200 0.000000 0.000000 0.000000 1.000000
0.999855 0.014896 0.008274 -0.000000 -0.015340 0.998288 0.056435 9.717300 -0.007419 -0.056554 0.998372 -1.180200 0.000000 0.000000 0.000000 1.000000
0.999939 0.009721 0.005218 0.000000 -0.009969 0.998707 0.049849 9.717300 -0.004727 -0.049898 0.998743 -1.180200 0.000000 0.000000 0.000000 1.000000
0.999979 0.006121 -0.002074 0.000000 -0.006003 0.998578 0.052972 9.717300 0.002395 -0.052958 0.998594 -1.180200 0.000000 0.000000 0.000000 1.000000
0.999940 -0.001304 -0.010832 0.000000 0.001988 0.997992 0.063315 9.717300 0.010727 -0.063333 0.997935 -1.180200 0.000000 0.000000 0.000000 1.000000
0.999747 -0.011253 -0.019476 0.000000 0.012655 0.997221 0.073423 9.717300 0.018596 -0.073651 0.997111 -1.180200 0.000000 0.000000 0.000000 1.000000
0.999579 -0.011458 -0.026666 0.000000 0.013605 0.996556 0.081800 9.717300 0.025637 -0.082128 0.996292 -1.180200 0.000000 0.000000 0.000000 1.000000
0.999321 0.005884 -0.036374 0.000000 -0.002589 0.995941 0.089976 9.717300 0.036756 -0.089821 0.995279 -1.180200 0.000000 0.000000 0.000000 1.000000
0.998682 0.022536 -0.046112 0.000000 -0.017912 0.994991 0.098343 9.717300 0.048097 -0.097387 0.994084 -1.180200 0.000000 0.000000 0.000000 1.000000
0.998569 0.021680 -0.048890 0.000000 -0.016928 0.995275 0.095612 9.717300 0.050732 -0.094647 0.994217 -1.180200 0.000000 0.000000 0.000000 1.000000
0.998971 0.004247 -0.045147 0.000000 -0.000080 0.995768 0.091904 9.717300 0.045346 -0.091806 0.994744 -1.180200 0.000000 0.000000 0.000000 1.000000
0.999053 -0.011028 -0.042099 0.000000 0.014842 0.995705 0.091386 9.717300 0.040910 -0.091924 0.994925 -1.180200 0.000000 0.000000 0.000000 1.000000
0.999002 -0.021517 -0.039139 0.000000 0.024920 0.995750 0.088662 9.717300 0.037065 -0.089549 0.995293 -1.180200 0.000000 0.000000 0.000000 1.000000
0.998746 -0.036512 -0.034264 0.000000 0.039344 0.995518 0.085999 9.717300 0.030971 -0.087239 0.995706 -1.180200 0.000000 0.000000 0.000000 1.000000
0.998390 -0.048399 -0.029586 0.000000 0.050757 0.995088 0.084992 9.717300 0.025327 -0.086357 0.995942 -1.180200 0.000000 0.000000 0.000000 1.000000
0.998267 -0.052093 -0.027376 0.000000 0.054309 0.994672 0.087625 9.717300 0.022665 -0.088960 0.995777 -1.180200 0.000000 0.000000 0.000000 1.000000
0.998432 -0.050469 -0.024215 0.000000 0.052278 0.995340 0.081025 9.717300 0.020013 -0.082164 0.996418 -1.180200 0.000000 0.000000 0.000000 1.000000
0.998791 -0.045800 -0.017866 0.000000 0.047019 0.996064 0.075144 9.717300 0.014354 -0.075893 0.997013 -1.180200 0.000000 0.000000 0.000000 1.000000</float_array>
        <technique_common>
          <accessor source="#mixamorig1_Spine-Matrix-animation-output-transform-array" count="30" stride="16">
            <param type="float4x4"/>
          </accessor>
        </technique_common>
      </source>
      <source id="mixamorig1_Spine-Interpolations">
        <Name_array id="mixamorig1_Spine-Interpolations-array" count="30">
 LINEAR LINEAR LINEAR LINEAR LINEAR LINEAR LINEAR LINEAR LINEAR LINEAR LINEAR
LINEAR LINEAR LINEAR LINEAR LINEAR LINEAR LINEAR LINEAR LINEAR LINEAR LINEAR LINEAR
LINEAR LINEAR LINEAR LINEAR LINEAR LINEAR LINEAR</Name_array>
        <technique_common>
          <accessor source="#mixamorig1_Spine-Interpolations-array" count="30">
            <param type="name"/>
          </accessor>
        </technique_common>
      </source>
      <sampler id="mixamorig1_Spine-Matrix-animation-transform">
        <input semantic="INPUT" source="#mixamorig1_Spine-Matrix-animation-input"/>
        <input semantic="OUTPUT" source="#mixamorig1_Spine-Matrix-animation-output-transform"/>
        <input semantic="INTERPOLATION" source="#mixamorig1_Spine-Interpolations"/>
      </sampler>
      <channel source="#mixamorig1_Spine-Matrix-animation-transform" target="mixamorig1_Spine/matrix"/>
    </animation>
    <animation id="mixamorig1_Spine1-anim" name="mixamorig1_Spine1">
      <source id="mixamorig1_Spine1-Matrix-animation-input">
        <float_array id="mixamorig1_Spine1-Matrix-animation-input-array" count="30">

0.000000 0.033333 0.066667 0.100000 0.133333 0.166667 0.200000 0.233333 0.266667 0.300000 0.333333 0.366667 0.400000 0.433333 0.466667 0.500000
0.533333 0.566667 0.600000 0.633333 0.666667 0.700000 0.733333 0.766667 0.800000 0.833333 0.866667 0.900000 0.933333 0.966667</float_array>
        <technique_common>
          <accessor source="#mixamorig1_Spine1-Matrix-animation-input-array" count="30">
            <param name="TIME" type="float"/>
          </accessor>
        </technique_common>
      </source>
      <source id="mixamorig1_Spine1-Matrix-animation-output-transform">
        <float_array id="mixamorig1_Spine1-Matrix-animation-output-transform-array" count="480">

0.999100 -0.009851 -0.041249 0.000000 0.008667 0.999548 -0.028786 11.420100 0.041513 0.028402 0.998734 -0.000000 0.000000 0.000000 0.000000 1.000000
0.999750 -0.002298 -0.022252 0.000000 0.001786 0.999734 -0.023013 11.420100 0.022299 0.022968 0.999487 0.000000 0.000000 0.000000 0.000000 1.000000
0.999999 0.000339 -0.001203 0.000000 -0.000364 0.999785 -0.020756 11.420100 0.001195 0.020756 0.999784 0.000000 0.000000 0.000000 0.000000 1.000000
0.999857 0.007526 0.015111 0.000000 -0.007240 0.999795 -0.018894 11.420100 -0.015250 0.018782 0.999707 0.000000 0.000000 0.000000 0.000000 1.000000
0.999494 0.013250 0.028928 -0.000000 -0.012588 0.999657 -0.022946 11.420100 -0.029222 0.022570 0.999318 0.000000 0.000000 0.000000 0.000000 1.000000
0.999107 0.019288 0.037579 0.000000 -0.018134 0.999360 -0.030821 11.420100 -0.038150 0.030112 0.998818 0.000000 0.000000 0.000000 0.000000 1.000000
0.998713 0.025240 0.043987 0.000000 -0.023524 0.998959 -0.039085 11.420100 -0.044928 0.038000 0.998267 0.000000 0.000000 0.000000 0.000000 1.000000
0.998458 0.024772 0.049674 0.000000 -0.022933 0.999043 -0.037240 11.420100 -0.050549 0.036043 0.998071 0.000000 0.000000 0.000000 0.000000 1.000000
0.998472 0.020466 0.051329 0.000000 -0.018895 0.999344 -0.030911 11.420100 -0.051928 0.029894 0.998203 0.000000 0.000000 0.000000 0.000000 1.000000
0.998580 0.018486 0.049955 0.000000 -0.017220 0.999523 -0.025653 11.420100 -0.050406 0.024757 0.998422 0.000000 0.000000 0.000000 0.000000 1.000000
0.998739 0.022392 0.044927 0.000000 -0.021546 0.999583 -0.019218 11.420100 -0.045338 0.018226 0.998805 0.000000 0.000000 0.000000 0.000000 1.000000
0.999013 0.026769 0.035455 -0.000000 -0.026116 0.999483 -0.018754 11.420100 -0.035938 0.017810 0.999195 -0.000000 0.000000 0.000000 0.000000 1.000000
0.999132 0.031290 0.027508 0.000000 -0.030676 0.999277 -0.022482 11.420100 -0.028192 0.021618 0.999369 0.000000 0.000000 0.000000 0.000000 1.000000
0.999165 0.034143 0.022430 0.000000 -0.033592 0.999134 -0.024534 11.420100 -0.023248 0.023760 0.999447 0.000000 0.000000 0.000000 0.000000 1.000000
0.999411 0.031312 0.014042 0.000000 -0.030947 0.999195 -0.025513 11.420100 -0.014830 0.025063 0.999576 0.000000 0.000000 0.000000 0.000000 1.000000
0.999626 0.027268 -0.002135 0.000000 -0.027312 0.999343 -0.023816 11.420100 0.001485 0.023865 0.999714 -0.000000 0.000000 0.000000 0.000000 1.000000
0.999510 0.022884 -0.021352 0.000000 -0.023407 0.999424 -0.024590 11.420100 0.020777 0.025078 0.999470 -0.000000 0.000000 0.000000 0.000000 1.000000
0.999036 0.018102 -0.039982 -0.000000 -0.019248 0.999410 -0.028452 11.420100 0.039443 0.029194 0.998795 0.000000 0.000000 0.000000 0.000000 1.000000
0.998482 0.010941 -0.053981 0.000000 -0.012962 0.999222 -0.037235 11.420100 0.053532 0.037878 0.997847 0.000000 0.000000 0.000000 0.000000 1.000000
0.997916 0.000639 -0.064517 0.000000 -0.003823 0.998780 -0.049235 11.420100 0.064407 0.049379 0.996701 0.000000 0.000000 0.000000 0.000000 1.000000
0.997181 -0.007510 -0.074660 0.000000 0.003192 0.998323 -0.057797 11.420100 0.074969 0.057395 0.995533 -0.000000 0.000000 0.000000 0.000000 1.000000
0.996635 -0.007837 -0.081590 -0.000000 0.003252 0.998415 -0.056182 11.420100 0.081901 0.055728 0.995081 0.000000 0.000000 0.000000 0.000000 1.000000
0.996458 -0.002520 -0.084054 0.000000 -0.001658 0.998768 -0.049596 11.420100 0.084076 0.049559 0.995226 0.000000 0.000000 0.000000 0.000000 1.000000
0.996339 0.002630 -0.085449 0.000000 -0.006195 0.999120 -0.041476 11.420100 0.085264 0.041854 0.995479 -0.000000 0.000000 0.000000 0.000000 1.000000
0.996600 0.000228 -0.082391 0.000000 -0.003027 0.999422 -0.033848 11.420100 0.082336 0.033982 0.996025 0.000000 0.000000 0.000000 0.000000 1.000000
0.996973 -0.001937 -0.077727 -0.000000 -0.000208 0.999620 -0.027577 11.420100 0.077751 0.027509 0.996593 0.000000 0.000000 0.000000 0.000000 1.000000
0.997452 -0.008809 -0.070791 0.000000 0.006921 0.999615 -0.026866 11.420100 0.071000 0.026307 0.997129 0.000000 0.000000 0.000000 0.000000 1.000000
0.997806 -0.017176 -0.063936 -0.000000 0.015250 0.999419 -0.030493 11.420100 0.064423 0.029451 0.997488 0.000000 0.000000 0.000000 0.000000 1.000000
0.998294 -0.018680 -0.055324 0.000000 0.017034 0.999402 -0.030081 11.420100 0.055852 0.029087 0.998015 -0.000000 0.000000 0.000000 0.000000 1.000000
0.999100 -0.009851 -0.041249 0.000000 0.008667 0.999548 -0.028786 11.420100 0.041513 0.028402 0.998734 0.000000 0.000000 0.000000 0.000000 1.000000</float_array>
        <technique_common>
          <accessor source="#mixamorig1_Spine1-Matrix-animation-output-transform-array" count="30" stride="16">
            <param type="float4x4"/>
          </accessor>
        </technique_common>
      </source>
      <source id="mixamorig1_Spine1-Interpolations">
        <Name_array id="mixamorig1_Spine1-Interpolations-array" count="30">
 LINEAR LINEAR LINEAR LINEAR LINEAR LINEAR LINEAR LINEAR LINEAR LINEAR LINEAR
LINEAR LINEAR LINEAR LINEAR LINEAR LINEAR LINEAR LINEAR LINEAR LINEAR LINEAR LINEAR
LINEAR LINEAR LINEAR LINEAR LINEAR LINEAR LINEAR</Name_array>
        <technique_common>
          <accessor source="#mixamorig1_Spine1-Interpolations-array" count="30">
            <param type="name"/>
          </accessor>
        </technique_common>
      </source>
      <sampler id="mixamorig1_Spine1-Matrix-animation-transform">
        <input semantic="INPUT" source="#mixamorig1_Spine1-Matrix-animation-input"/>
        <input semantic="OUTPUT" source="#mixamorig1_Spine1-Matrix-animation-output-transform"/>
        <input semantic="INTERPOLATION" source="#mixamorig1_Spine1-Interpolations"/>
      </sampler>
      <channel source="#mixamorig1_Spine1-Matrix-animation-transform" target="mixamorig1_Spine1/matrix"/>
    </animation>
    <animation id="mixamorig1_Spine2-anim" name="mixamorig1_Spine2">
      <source id="mixamorig1_Spine2-Matrix-animation-input">
        <float_array id="mixamorig1_Spine2-Matrix-animation-input-array" count="30">

0.000000 0.033333 0.066667 0.100000 0.133333 0.166667 0.200000 0.233333 0.266667 0.300000 0.333333 0.366667 0.400000 0.433333 0.466667 0.500000
0.533333 0.566667 0.600000 0.633333 0.666667 0.700000 0.733333 0.766667 0.800000 0.833333 0.866667 0.900000 0.933333 0.966667</float_array>
        <technique_common>
          <accessor source="#mixamorig1_Spine2-Matrix-animation-input-array" count="30">
            <param name="TIME" type="float"/>
          </accessor>
        </technique_common>
      </source>
      <source id="mixamorig1_Spine2-Matrix-animation-output-transform">
        <float_array id="mixamorig1_Spine2-Matrix-animation-output-transform-array" count="480">

0.999195 0.000446 -0.040110 -0.000000 0.001604 0.998694 0.051061 13.051600 0.040080 -0.051085 0.997890 0.000000 0.000000 0.000000 0.000000 1.000000
0.999754 0.007522 -0.020876 -0.000000 -0.006340 0.998402 0.056145 13.051600 0.021265 -0.055999 0.998204 0.000000 0.000000 0.000000 0.000000 1.000000
0.999955 0.009485 0.000077 -0.000000 -0.009473 0.998285 0.057769 13.051600 0.000471 -0.057768 0.998330 -0.000000 0.000000 0.000000 0.000000 1.000000
0.999733 0.015967 0.016678 0.000000 -0.016929 0.998101 0.059233 13.051600 -0.015700 -0.059500 0.998105 0.000000 0.000000 0.000000 0.000000 1.000000
0.999304 0.020928 0.030881 -0.000000 -0.022599 0.998243 0.054767 13.051600 -0.029681 -0.055427 0.998021 0.000000 0.000000 0.000000 0.000000 1.000000
0.998849 0.026313 0.040115 0.000000 -0.028170 0.998524 0.046443 13.051600 -0.038834 -0.047520 0.998115 0.000000 0.000000 0.000000 0.000000 1.000000
0.998388 0.031422 0.047265 -0.000000 -0.033220 0.998735 0.037749 13.051600 -0.046019 -0.039258 0.998169 0.000000 0.000000 0.000000 0.000000 1.000000
0.998132 0.030525 0.052917 0.000000 -0.032631 0.998690 0.039414 13.051600 -0.051645 -0.041067 0.997821 0.000000 0.000000 0.000000 0.000000 1.000000
0.998201 0.026394 0.053829 0.000000 -0.028888 0.998520 0.046081 13.051600 -0.052533 -0.047553 0.997486 0.000000 0.000000 0.000000 0.000000 1.000000
0.998341 0.024808 0.051954 -0.000000 -0.027498 0.998283 0.051714 13.051600 -0.050582 -0.053057 0.997310 -0.000000 0.000000 0.000000 0.000000 1.000000
0.998475 0.029419 0.046722 0.000000 -0.032134 0.997773 0.058450 13.051600 -0.044899 -0.059862 0.997196 -0.000000 0.000000 0.000000 0.000000 1.000000
0.998724 0.034524 0.036846 0.000000 -0.036669 0.997571 0.059232 13.051600 -0.034712 -0.060507 0.997564 0.000000 0.000000 0.000000 0.000000 1.000000
0.998809 0.039477 0.028676 0.000000 -0.041026 0.997609 0.055622 13.051600 -0.026412 -0.056732 0.998040 0.000000 0.000000 0.000000 0.000000 1.000000
0.998815 0.042555 0.023634 -0.000000 -0.043769 0.997607 0.053516 13.051600 -0.021301 -0.054487 0.998287 0.000000 0.000000 0.000000 0.000000 1.000000
0.999087 0.039915 0.015209 0.000000 -0.040664 0.997787 0.052598 13.051600 -0.013076 -0.053169 0.998500 0.000000 0.000000 0.000000 0.000000 1.000000
0.999346 0.036139 -0.000888 0.000000 -0.036037 0.997860 0.054552 13.051600 0.002857 -0.054484 0.998511 0.000000 0.000000 0.000000 0.000000 1.000000
0.999282 0.032294 -0.019834 0.000000 -0.031179 0.998045 0.054171 13.051600 0.021545 -0.053514 0.998335 -0.000000 0.000000 0.000000 0.000000 1.000000
0.998865 0.028363 -0.038272 0.000000 -0.026399 0.998356 0.050874 13.051600 0.039652 -0.049806 0.997971 0.000000 0.000000 0.000000 0.000000 1.000000
0.998368 0.022215 -0.052615 0.000000 -0.019999 0.998905 0.042285 13.051600 0.053497 -0.041164 0.997719 0.000000 0.000000 0.000000 0.000000 1.000000
0.997872 0.013022 -0.063891 0.000000 -0.011126 0.999489 0.029953 13.051600 0.064249 -0.029178 0.997507 0.000000 0.000000 0.000000 0.000000 1.000000
0.997196 0.006110 -0.074581 -0.000000 -0.004561 0.999771 0.020918 13.051600 0.074692 -0.020519 0.996996 0.000000 0.000000 0.000000 0.000000 1.000000
0.996655 0.006042 -0.081496 0.000000 -0.004228 0.999740 0.022406 13.051600 0.081610 -0.021986 0.996422 0.000000 0.000000 0.000000 0.000000 1.000000
0.996446 0.011194 -0.083488 0.000000 -0.008758 0.999527 0.029488 13.051600 0.083778 -0.028652 0.996072 0.000000 0.000000 0.000000 0.000000 1.000000
0.996303 0.016186 -0.084375 0.000000 -0.013002 0.999187 0.038160 13.051600 0.084924 -0.036922 0.995703 -0.000000 0.000000 0.000000 0.000000 1.000000
0.996611 0.013203 -0.081187 0.000000 -0.009464 0.998884 0.046271 13.051600 0.081708 -0.045346 0.995624 -0.000000 0.000000 0.000000 0.000000 1.000000
0.997044 0.010431 -0.076127 -0.000000 -0.006369 0.998553 0.053404 13.051600 0.076574 -0.052762 0.995667 0.000000 0.000000 0.000000 0.000000 1.000000
0.997595 0.003149 -0.069244 0.000000 0.000627 0.998517 0.054442 13.051600 0.069313 -0.054354 0.996113 0.000000 0.000000 0.000000 0.000000 1.000000
0.998001 -0.005290 -0.062975 0.000000 0.008478 0.998689 0.050476 13.051600 0.062625 -0.050909 0.996738 0.000000 0.000000 0.000000 0.000000 1.000000
0.998484 -0.007548 -0.054529 0.000000 0.010297 0.998681 0.050300 13.051600 0.054078 -0.050785 0.997244 -0.000000 0.000000 0.000000 0.000000 1.000000
0.999195 0.000446 -0.040110 0.000000 0.001604 0.998694 0.051062 13.051600 0.040080 -0.051085 0.997890 0.000000 0.000000 0.000000 0.000000 1.000000</float_array>
        <technique_common>
          <accessor source="#mixamorig1_Spine2-Matrix-animation-output-transform-array" count="30" stride="16">
            <param type="float4x4"/>
          </accessor>
        </technique_common>
      </source>
      <source id="mixamorig1_Spine2-Interpolations">
        <Name_array id="mixamorig1_Spine2-Interpolations-array" count="30">
 LINEAR LINEAR LINEAR LINEAR LINEAR LINEAR LINEAR LINEAR LINEAR LINEAR LINEAR
LINEAR LINEAR LINEAR LINEAR LINEAR LINEAR LINEAR LINEAR LINEAR LINEAR LINEAR LINEAR
LINEAR LINEAR LINEAR LINEAR LINEAR LINEAR LINEAR</Name_array>
        <technique_common>
          <accessor source="#mixamorig1_Spine2-Interpolations-array" count="30">
            <param type="name"/>
          </accessor>
        </technique_common>
      </source>
      <sampler id="mixamorig1_Spine2-Matrix-animation-transform">
        <input semantic="INPUT" source="#mixamorig1_Spine2-Matrix-animation-input"/>
        <input semantic="OUTPUT" source="#mixamorig1_Spine2-Matrix-animation-output-transform"/>
        <input semantic="INTERPOLATION" source="#mixamorig1_Spine2-Interpolations"/>
      </sampler>
      <channel source="#mixamorig1_Spine2-Matrix-animation-transform" target="mixamorig1_Spine2/matrix"/>
    </animation>
    <animation id="mixamorig1_Neck-anim" name="mixamorig1_Neck">
      <source id="mixamorig1_Neck-Matrix-animation-input">
        <float_array id="mixamorig1_Neck-Matrix-animation-input-array" count="30">

0.000000 0.033333 0.066667 0.100000 0.133333 0.166667 0.200000 0.233333 0.266667 0.300000 0.333333 0.366667 0.400000 0.433333 0.466667 0.500000
0.533333 0.566667 0.600000 0.633333 0.666667 0.700000 0.733333 0.766667 0.800000 0.833333 0.866667 0.900000 0.933333 0.966667</float_array>
        <technique_common>
          <accessor source="#mixamorig1_Neck-Matrix-animation-input-array" count="30">
            <param name="TIME" type="float"/>
          </accessor>
        </technique_common>
      </source>
      <source id="mixamorig1_Neck-Matrix-animation-output-transform">
        <float_array id="mixamorig1_Neck-Matrix-animation-output-transform-array" count="480">

0.999651 0.017169 -0.020092 0.000000 -0.018386 0.997904 -0.062038 14.683000 0.018984 0.062386 0.997872 -0.000000 0.000000 0.000000 0.000000 1.000000
0.999657 0.012774 -0.022852 0.000000 -0.014341 0.997461 -0.069752 14.683000 0.021903 0.070056 0.997303 0.000000 0.000000 0.000000 0.000000 1.000000
0.999580 0.019045 -0.021836 0.000000 -0.020456 0.997589 -0.066322 14.683000 0.020520 0.066741 0.997559 0.000000 0.000000 0.000000 0.000000 1.000000
0.999497 0.026028 -0.018133 0.000000 -0.027068 0.997850 -0.059688 14.683000 0.016541 0.060149 0.998052 -0.000000 0.000000 0.000000 0.000000 1.000000
0.999148 0.039470 -0.012017 0.000000 -0.040012 0.998006 -0.048810 14.683000 0.010067 0.049249 0.998736 0.000000 0.000000 0.000000 0.000000 1.000000
0.998739 0.049698 -0.007127 0.000000 -0.049930 0.998059 -0.037214 14.683000 0.005263 0.037523 0.999282 0.000000 0.000000 0.000000 0.000000 1.000000
0.998585 0.052922 -0.005308 0.000000 -0.053059 0.998131 -0.030318 14.683000 0.003694 0.030557 0.999526 0.000000 0.000000 0.000000 0.000000 1.000000
0.998641 0.051890 -0.004908 -0.000000 -0.052017 0.998167 -0.030941 14.683000 0.003294 0.031155 0.999509 0.000000 0.000000 0.000000 0.000000 1.000000
0.998876 0.047037 -0.005929 0.000000 -0.047225 0.998191 -0.037222 14.683000 0.004168 0.037460 0.999289 0.000000 0.000000 0.000000 0.000000 1.000000
0.999116 0.041379 -0.007393 -0.000000 -0.041653 0.998254 -0.041880 14.683000 0.005647 0.042151 0.999095 -0.000000 0.000000 0.000000 0.000000 1.000000
0.999164 0.040216 -0.007352 0.000000 -0.040493 0.998273 -0.042566 14.683000 0.005627 0.042828 0.999067 0.000000 0.000000 0.000000 0.000000 1.000000
0.998930 0.046016 -0.004576 -0.000000 -0.046157 0.998212 -0.037969 14.683000 0.002820 0.038140 0.999268 0.000000 0.000000 0.000000 0.000000 1.000000
0.998565 0.053524 -0.001513 0.000000 -0.053545 0.998074 -0.031314 14.683000 -0.000166 0.031350 0.999508 0.000000 0.000000 0.000000 0.000000 1.000000
0.998250 0.059115 0.001656 0.000000 -0.059033 0.997751 -0.031745 14.683000 -0.003529 0.031592 0.999495 0.000000 0.000000 0.000000 0.000000 1.000000
0.998143 0.060620 0.005966 0.000000 -0.060354 0.997468 -0.037621 14.683000 -0.008231 0.037191 0.999274 0.000000 0.000000 0.000000 0.000000 1.000000
0.998240 0.058502 0.009737 0.000000 -0.057976 0.997182 -0.047609 14.683000 -0.012495 0.046961 0.998819 -0.000000 0.000000 0.000000 0.000000 1.000000
0.998424 0.054899 0.011667 0.000000 -0.054179 0.997013 -0.055038 14.683000 -0.014653 0.054319 0.998416 0.000000 0.000000 0.000000 0.000000 1.000000
0.998900 0.045869 0.009752 0.000000 -0.045258 0.997426 -0.055623 14.683000 -0.012278 0.055121 0.998404 -0.000000 0.000000 0.000000 0.000000 1.000000
0.999237 0.038482 0.006669 0.000000 -0.038117 0.998110 -0.048205 14.683000 -0.008511 0.047914 0.998815 0.000000 0.000000 0.000000 0.000000 1.000000
0.999424 0.033748 0.003636 -0.000000 -0.033601 0.998823 -0.034984 14.683000 -0.004813 0.034842 0.999381 0.000000 0.000000 0.000000 0.000000 1.000000
0.999544 0.030172 0.001134 -0.000000 -0.030136 0.999259 -0.023942 14.683000 -0.001855 0.023897 0.999713 -0.000000 0.000000 0.000000 0.000000 1.000000
0.999581 0.028917 -0.000810 -0.000000 -0.028929 0.999287 -0.024261 14.683000 0.000108 0.024274 0.999705 -0.000000 0.000000 0.000000 0.000000 1.000000
0.999545 0.030134 -0.001203 -0.000000 -0.030158 0.998965 -0.034044 14.683000 0.000176 0.034065 0.999420 0.000000 0.000000 0.000000 0.000000 1.000000
0.999470 0.032544 0.000049 0.000000 -0.032513 0.998587 -0.042039 14.683000 -0.001417 0.042015 0.999116 0.000000 0.000000 0.000000 0.000000 1.000000
0.999305 0.037272 0.000964 0.000000 -0.037195 0.998377 -0.043129 14.683000 -0.002570 0.043063 0.999069 0.000000 0.000000 0.000000 0.000000 1.000000
0.999280 0.037935 0.000671 0.000000 -0.037864 0.998225 -0.045969 14.683000 -0.002413 0.045911 0.998943 0.000000 0.000000 0.000000 0.000000 1.000000
0.999305 0.037254 -0.001210 0.000000 -0.037271 0.998313 -0.044530 14.683000 -0.000451 0.044544 0.999007 0.000000 0.000000 0.000000 0.000000 1.000000
0.999437 0.033139 -0.005167 0.000000 -0.033342 0.998377 -0.046170 14.683000 0.003629 0.046317 0.998920 0.000000 0.000000 0.000000 0.000000 1.000000
0.999485 0.029992 -0.011399 -0.000000 -0.030536 0.998235 -0.050939 14.683000 0.009851 0.051261 0.998637 0.000000 0.000000 0.000000 0.000000 1.000000
0.999651 0.017169 -0.020092 -0.000000 -0.018386 0.997904 -0.062038 14.683000 0.018984 0.062386 0.997872 0.000000 0.000000 0.000000 0.000000 1.000000</float_array>
        <technique_common>
          <accessor source="#mixamorig1_Neck-Matrix-animation-output-transform-array" count="30" stride="16">
            <param type="float4x4"/>
          </accessor>
        </technique_common>
      </source>
      <source id="mixamorig1_Neck-Interpolations">
        <Name_array id="mixamorig1_Neck-Interpolations-array" count="30">
 LINEAR LINEAR LINEAR LINEAR LINEAR LINEAR LINEAR LINEAR LINEAR LINEAR LINEAR
LINEAR LINEAR LINEAR LINEAR LINEAR LINEAR LINEAR LINEAR LINEAR LINEAR LINEAR LINEAR
LINEAR LINEAR LINEAR LINEAR LINEAR LINEAR LINEAR</Name_array>
        <technique_common>
          <accessor source="#mixamorig1_Neck-Interpolations-array" count="30">
            <param type="name"/>
          </accessor>
        </technique_common>
      </source>
      <sampler id="mixamorig1_Neck-Matrix-animation-transform">
        <input semantic="INPUT" source="#mixamorig1_Neck-Matrix-animation-input"/>
        <input semantic="OUTPUT" source="#mixamorig1_Neck-Matrix-animation-output-transform"/>
        <input semantic="INTERPOLATION" source="#mixamorig1_Neck-Interpolations"/>
      </sampler>
      <channel source="#mixamorig1_Neck-Matrix-animation-transform" target="mixamorig1_Neck/matrix"/>
    </animation>
    <animation id="mixamorig1_Head-anim" name="mixamorig1_Head">
      <source id="mixamorig1_Head-Matrix-animation-input">
        <float_array id="mixamorig1_Head-Matrix-animation-input-array" count="30">

0.000000 0.033333 0.066667 0.100000 0.133333 0.166667 0.200000 0.233333 0.266667 0.300000 0.333333 0.366667 0.400000 0.433333 0.466667 0.500000
0.533333 0.566667 0.600000 0.633333 0.666667 0.700000 0.733333 0.766667 0.800000 0.833333 0.866667 0.900000 0.933333 0.966667</float_array>
        <technique_common>
          <accessor source="#mixamorig1_Head-Matrix-animation-input-array" count="30">
            <param name="TIME" type="float"/>
          </accessor>
        </technique_common>
      </source>
      <source id="mixamorig1_Head-Matrix-animation-output-transform">
        <float_array id="mixamorig1_Head-Matrix-animation-output-transform-array" count="480">

0.999469 -0.032518 -0.001953 0.000000 0.032413 0.998664 -0.040236 6.720200 0.003259 0.040151 0.999188 1.972200 0.000000 0.000000 0.000000 1.000000
0.999403 -0.034358 -0.003689 -0.000000 0.034164 0.998465 -0.043603 6.720200 0.005181 0.043451 0.999042 1.972200 0.000000 0.000000 0.000000 1.000000
0.999522 -0.030660 -0.003973 -0.000000 0.030472 0.998701 -0.040833 6.720200 0.005220 0.040693 0.999158 1.972200 0.000000 0.000000 0.000000 1.000000
0.999623 -0.027377 -0.002007 0.000000 0.027285 0.998946 -0.036917 6.720200 0.003016 0.036848 0.999316 1.972200 0.000000 0.000000 0.000000 1.000000
0.999780 -0.020980 0.000807 0.000000 0.020995 0.999277 -0.031704 6.720200 -0.000141 0.031714 0.999497 1.972200 0.000000 0.000000 0.000000 1.000000
0.999869 -0.015890 0.003181 0.000000 0.015966 0.999549 -0.025434 6.720200 -0.002776 0.025481 0.999671 1.972200 0.000000 0.000000 0.000000 1.000000
0.999892 -0.014090 0.004245 0.000000 0.014176 0.999682 -0.020858 6.720200 -0.003950 0.020916 0.999773 1.972200 0.000000 0.000000 0.000000 1.000000
0.999880 -0.014715 0.004865 0.000000 0.014818 0.999650 -0.021903 6.720200 -0.004541 0.021972 0.999748 1.972200 0.000000 0.000000 0.000000 1.000000
0.999832 -0.017629 0.005001 0.000000 0.017758 0.999473 -0.027156 6.720200 -0.004520 0.027240 0.999619 1.972200 0.000000 0.000000 0.000000 1.000000
0.999777 -0.020568 0.004821 -0.000000 0.020703 0.999340 -0.029862 6.720200 -0.004204 0.029956 0.999542 1.972200 0.000000 0.000000 0.000000 1.000000
0.999760 -0.021331 0.005082 0.000000 0.021477 0.999296 -0.030755 6.720200 -0.004423 0.030857 0.999514 1.972200 0.000000 0.000000 0.000000 1.000000
0.999814 -0.018152 0.006512 0.000000 0.018334 0.999411 -0.029006 6.720200 -0.005981 0.029120 0.999558 1.972200 0.000000 0.000000 0.000000 1.000000
0.999873 -0.013852 0.007851 0.000000 0.014049 0.999573 -0.025640 6.720200 -0.007492 0.025747 0.999640 1.972200 0.000000 0.000000 0.000000 1.000000
0.999897 -0.010652 0.009671 0.000000 0.010899 0.999604 -0.025945 6.720200 -0.009390 0.026048 0.999617 1.972200 0.000000 0.000000 0.000000 1.000000
0.999859 -0.010171 0.013379 0.000000 0.010563 0.999509 -0.029510 6.720200 -0.013072 0.029647 0.999475 1.972200 0.000000 0.000000 0.000000 1.000000
0.999780 -0.011717 0.017388 0.000000 0.012312 0.999327 -0.034543 6.720200 -0.016971 0.034750 0.999252 1.972200 0.000000 0.000000 0.000000 1.000000
0.999705 -0.013612 0.020094 0.000000 0.014372 0.999168 -0.038166 6.720200 -0.019558 0.038443 0.999069 1.972200 0.000000 0.000000 0.000000 1.000000
0.999627 -0.018181 0.020369 0.000000 0.018943 0.999104 -0.037852 6.720200 -0.019662 0.038224 0.999076 1.972200 0.000000 0.000000 0.000000 1.000000
0.999581 -0.021610 0.019260 0.000000 0.022246 0.999194 -0.033413 6.720200 -0.018523 0.033828 0.999256 1.972200 0.000000 0.000000 0.000000 1.000000
0.999569 -0.023457 0.017679 0.000000 0.023897 0.999400 -0.025067 6.720200 -0.017080 0.025478 0.999529 1.972200 0.000000 0.000000 0.000000 1.000000
0.999560 -0.024758 0.016341 0.000000 0.025060 0.999514 -0.018546 6.720200 -0.015873 0.018947 0.999694 1.972200 0.000000 0.000000 0.000000 1.000000
0.999570 -0.025309 0.014789 0.000000 0.025585 0.999497 -0.018764 6.720200 -0.014307 0.019134 0.999715 1.972200 0.000000 0.000000 0.000000 1.000000
0.999587 -0.025119 0.013934 -0.000000 0.025460 0.999367 -0.024837 6.720200 -0.013301 0.025182 0.999594 1.972200 0.000000 0.000000 0.000000 1.000000
0.999601 -0.024285 0.014415 -0.000000 0.024709 0.999246 -0.029961 6.720200 -0.013676 0.030305 0.999447 1.972200 0.000000 0.000000 0.000000 1.000000
0.999665 -0.021608 0.014267 -0.000000 0.022036 0.999290 -0.030562 6.720200 -0.013597 0.030866 0.999431 1.972200 0.000000 0.000000 0.000000 1.000000
0.999674 -0.021544 0.013724 0.000000 0.021977 0.999239 -0.032219 6.720200 -0.013019 0.032510 0.999387 1.972200 0.000000 0.000000 0.000000 1.000000
0.999684 -0.022073 0.012008 0.000000 0.022440 0.999257 -0.031324 6.720200 -0.011308 0.031583 0.999437 1.972200 0.000000 0.000000 0.000000 1.000000
0.999660 -0.024458 0.009048 0.000000 0.024740 0.999164 -0.032533 6.720200 -0.008244 0.032745 0.999430 1.972200 0.000000 0.000000 0.000000 1.000000
0.999658 -0.025865 0.003755 0.000000 0.025980 0.999050 -0.034985 6.720200 -0.002847 0.035070 0.999381 1.972200 0.000000 0.000000 0.000000 1.000000
0.999469 -0.032518 -0.001953 0.000000 0.032413 0.998664 -0.040236 6.720200 0.003259 0.040151 0.999188 1.972200 0.000000 0.000000 0.000000 1.000000</float_array>
        <technique_common>
          <accessor source="#mixamorig1_Head-Matrix-animation-output-transform-array" count="30" stride="16">
            <param type="float4x4"/>
          </accessor>
        </technique_common>
      </source>
      <source id="mixamorig1_Head-Interpolations">
        <Name_array id="mixamorig1_Head-Interpolations-array" count="30">
 LINEAR LINEAR LINEAR LINEAR LINEAR LINEAR LINEAR LINEAR LINEAR LINEAR LINEAR
LINEAR LINEAR LINEAR LINEAR LINEAR LINEAR LINEAR LINEAR LINEAR LINEAR LINEAR LINEAR
LINEAR LINEAR LINEAR LINEAR LINEAR LINEAR LINEAR</Name_array>
        <technique_common>
          <accessor source="#mixamorig1_Head-Interpolations-array" count="30">
            <param type="name"/>
          </accessor>
        </technique_common>
      </source>
      <sampler id="mixamorig1_Head-Matrix-animation-transform">
        <input semantic="INPUT" source="#mixamorig1_Head-Matrix-animation-input"/>
        <input semantic="OUTPUT" source="#mixamorig1_Head-Matrix-animation-output-transform"/>
